Supporting Information The winged cone conformation in hexa-p-tert- butylcalix[6]arene driven by the unusually strong guest encapsulation


Felipe Terra Martins felipe@ufg.br 
Grupo de Estudos em Química Orgânica e Biológica (GEQOB)
Departamento de Química
Instituto de Ciências Exatas
Universidade Federal de Minas Gerais
Av. Pres. Antônio Carlos 662731270-901Belo HorizonteMGBrazil

Breno Germano 
Freitas Oliveira 
Grupo de Estudos em Química Orgânica e Biológica (GEQOB)
Departamento de Química
Instituto de Ciências Exatas
Universidade Federal de Minas Gerais
Av. Pres. Antônio Carlos 662731270-901Belo HorizonteMGBrazil

Ariel M Sarotti 
Instituto de Química Rosario (IQUIR)
Universidad Nacional de Rosario-CONICET
Suipacha 531S2002LRKRosarioArgentina

Ângelo De 

Fátima* , ‡ † Instituto de Química
Universidade Federal de Goiás
PO Box 13174690-900GoiâniaGOBrazil

Supporting Information The winged cone conformation in hexa-p-tert- butylcalix[6]arene driven by the unusually strong guest encapsulation
S1 * To whom correspondence should be addressed. FTM


0.529/-0.459 0.488/-0.384 CCDC deposit number 1535877 1535878 i Even though the data have been squeezed with Platon, the electron count removed from structure factors was not assigned to solvent molecules because of uncertainty in their proportion and missing strong reflections even at low resolution shell. i It can be also refer to S…Cg measurement, wherein Cg denotes centroid calculated through the carbons from the phenyl ring whose label is shown into the parentheses. ii The numbering after atom symbol from 1 to 6 corresponds to phenolic moieties labeled as A to F, respectively, except if another capital letter succeeds the number. In the last case, these capital letters S, F or P refer to DMSO, DMF or Pyr, respectively. iii All carbons of a phenyl ring whose label is shown in parentheses were used in the centroid calculation.   C 0 -4.581458 1.008851 -2.338970 C 0 -5.862913 0.990526 -1.778014 C 0 -6.503177 -0.197681 -1.410889 C 0 -5.809969 -1.393563 -1.649696 C 0 -4.532295 -1.434199 -2.211755 C 0 -3.919732 -0.210582 -2.531691 C 0 -3.861413 -2.780690 -2.481776 C 0 -3.129927 -3.389432 -1.292945 C 0 -3.730095 -4.382320 -0.520249 C 0 -3.109474 -4.947466 0.604297 C 0 -1.847883 -4.450402 0.941851 C 0 -1.193759 -3.456913 0.198992 C 0 -1.840626 -2.954527 -0.939379 C 0 0.140414 -2.905137 0.695361 C 0 1.408787 -3.418002 0.023692 C 0 2.033405 -4.586773 0.473129 C 0 3.228872 -5.057748 -0.077921 C 0 3.794288 -4.294736 -1.111384 C 0 3.215522 -3.121078 -1.598665 C 0 2.005783 -2.699901 -1.019706 C 0 3.882581 -2.351690 -2.734085 C 0 4.538394 -1.030608 -2.342468 C 0 5.819797 -1.007008 -1.793429 C 0 6.468183 0.185424 -1.437552 C 0 5.777883 1.377870 -1.676312 S20 C 0 4.491045 1.413184 -2.229664 C 0 3.875583 0.192217 -2.537242 C 0 3.818807 2.759237 -2.497823 C 0 3.090100 3.366132 -1.306098 C 0 3.704473 4.349794 -0.524492 C 0 3.089182 4.909106 0.600435 C 0 1.818443 4.419420 0.932256 C 0 1.154338 3.441946 0.185799 C 0 1.799927 2.941048 -0.958674 C 0 -0.183890 2.896589 0.678104 C 0 -1.448976 3.410680 0.001187 C 0 -2.068563 4.585464 0.441929 C 0 -3.263128 5.056184 -0.111139 C 0 -3.833514 4.286164 -1.136791 C 0 -3.259588 3.106717 -1.615567 C 0 -2.049653 2.686821 -1.035985 C 0 -7.909198 -0.235398 -0.783134 C 0 -8.507177 1.172622 -0.602776 C 0 -8.862189 -1.049166 -1.690536 C 0 -7.832013 -0.905792 0.609284 C 0 -3.822797 -6.049032 1.409585 C 0 -5.169122 -5.510618 1.949517 C 0 -4.091008 -7.266463 0.493180 C 0 -2.986219 -6.530788 2.609956 C 0 3.928361 -6.343693 0.400208 C 0 4.035043 -7.342386 -0.776828 C 0 3.162297 -7.035112 1.543768 C 0 5.348448 -6.003434 0.911528 C 0 7.880920 0.141731 -0.825699 C 0 7.844686 -0.666668 0.493069 C 0 8.856193 -0.538100 -1.815750 C 0 8.425417 1.547700 -0.509720 C 0 3.749280 5.995769 1.469419 C 0 5.138871 6.400587 0.942376 C 0 3.919185 5.471766 2.915254 C 0 2.855351 7.258559 1.485858 C 0 -3.956682 6.348989 0.357052 C 0 -3.185422 7.047626 1.492694 C 0 -4.061802 7.337515 -0.828677


S4


.452777 -7.158906 2.492520 C 0 -1.516524 5.492582 -1.794127 C 0 -8.689818 0.619406 -1.108997 C 0 4.721350 -5.325222 3.293480 C 0 -7.948755 -1.415526 -1.968067 C 0 -6.582450 0.830777 -2.406232 H 0 1.539204 -1.080684 -1.813756 C 0

Table S1 .
S1Crystal data and refinement statistics of the p-tert-butylcalix[6]arene solvatomorphs disclosed here. min / T max = 0.945Multi-scan T min / T max = 0.908 θ range for data collection (°)multi-solvate 
DMSO solvate 

structural formula 
(C 66 H 84 O 6 )(C 2 H 6 OS) 
(C 5 H 5 N)(C 3 H 7 NO) i 
(C 66 H 84 O 6 )(C 2 H 6 OS) 2 

i 

fw 
1203.66 
1419.60 

cryst syst 
triclinic 
monoclinic 
space group 
P-1 
C2/c 
Z 
2 
8 

T (K) 
293(2) 
293(2) 

unit cell dimensions 
a (Å) 
13.1066(3) 
24.819(4) 
b (Å) 
14.5778(4) 
22.590(4) 
c (Å) 
22.4379(6) 
27.262(7) 
α (°) 
89.758(2) 
90 
β (°) 
79.913(2) 
99.83(2) 
γ (°) 
76.9780(10) 
90 
V (Å 3 ) 
4109.52(19) 
15060(6) 
calculated density (Mg/m 3 ) 
0.973 
0.996 
absorption coefficient (mm -1 ) 
0.086 
0.116 
Absorption correction 
Multi-scan 
T 1.621 -25.062 
1.515 -25.146 
index ranges 
-15 to 15 
-27 to 29 
-17 to 17 
-26 to 26 
-26 to 23 
-32 to 24 
data collected 
30,870 
50,162 
unique reflections 
14,414 
13,316 
unique reflections with I >2σ(I) 
7,391 
3,511 
symmetry factor (R int ) 
0.0390 
0.1137 

completeness to θ max. 

98.8 
98.8 
F (000) 
1304 
4896 
parameters refined 
847 
751 
goodness-of-fit on F 2 
1.042 
0.864 
final R 1 factor for I >2σ(I) 
0.0955 
0.0989 
wR2 factor for all data 
0.3327 
0.3196 
largest diff. peak / hole (e/Å 3 ) 


Table S2 .
S2Metrics for the main intermolecular contacts found in the multi-solvate form of compound 1.Contact role 
D-H…A 
D-H/ Å 
H...A/ Å D...A i / Å D-H…A/° 
Intramolecular 
O2 ii -H2...O3 
0.82 
1.89 2.711(3) 
176 
O6-H6A...O5 
0.82 
1.95 2.734(3) 
160 

DMSO entraping 
O1-H1...O1S 
0.82 
2 2.7495(4) 
152 
O4-H4A...O1S 
0.82 
2.05 2.793(4) 
151 
C1S-H1S2...Cg(F) iii 
0.96 
2.62 3.523(6) 
157 
C1S-H1S3...Cg(B) 
0.96 
3.61 4.428(7) 
144 
C2S-H2S2...Cg(B) 
0.96 
2.76 3.718(10) 
173 
C2S-H2S3...Cg(C) 
0.96 
2.87 3.585(6) 
132 
S1...Cg(E) 
-
-
3.336(2) 
S1'...Cg(B) 
-
-
3.372(5) 

Hydrogen bonds 
between 1 and DMF 

O5-H5...O1F 
0.82 
1.88 2.586(5) 
143 
C1F-1F...O1 
0.93 
2.45 3.329(7) 
158 
C2F-H2F2...O2 
0.96 
2.55 3.223(8) 
127 
C2F-H2F1...O4 
0.96 
2.31 3.261(7) 
170 
C3F-H3F1...O4 
0.96 
2.53 3.459(7) 
163 

Hydrogen bonds 
between 1 and Pyr 

O3-H3...N1P 
0.82 
1.93 2.719(7) 
161 
C1P-H1P...O5 
0.93 
2.67 3.419(9) 
138 
C3P-H3P...O2 
0.93 
2.62 3.397(15) 
141 



Table S3 .
S3Metrics for the main intermolecular contacts found in our DMSO solvate of compound 1.Figure S1. Asymmetric unit of a) the multiple solvate and b) the new DMSO solvate of 1. Only non-hydrogen atoms are shown as 30% probability ellipsoids. For clarity, labeling scheme is shown only for phenolic moieties and non-hydrogen and non-carbon atoms. Solid white bonds are drawn between t-butyl carbon fractions in one of the two 50% occupancy sites sets and between the 30% occupancy sulfur fraction and the other DMSO full occupancy carbons and oxygen.-8.533078 -2.761861 -0.527068  H 0 -7.439392 -3.126480 -3.393598 H 0 -9.107291 -2.714141 -3.009577 H 0 -8.187289 -1.725588 -4.152795 B3LYP/6-31G* SCF Energy = -3016.969763Contact role 
D-H…A 
D-H/ Å H...A/ Å D...A/ Å D-H…A/° 
Intramolecular 
O1-H1...O2 
0.82 
1.98 2.712(6) 
148 
O2-H2...O3 
0.82 
2.05 2.675(6) 
133 
O4-H4...O5 
0.82 
1.95 2.751(6) 
164 
O6-H6...O5 
0.82 
2.01 2.766(6) 
154 

DMSO entrapping O3-H3...O1B 
0.82 
2.06 2.744(9) 
141 
O5-H5...O1A 
0.82 
1.74 2.5414(7) 
166 
Cartesian Coordinates of the B3LYP/6-31G* partially optimized 
(only H atoms) of all significantly populated conformers found 
for the winged cone (W) and 1,2,3-alternate (A) conformations 
of 1. 

W1 
B3LYP/6-31G* geometry 
C 0 -4.113735 3.210498 2.153016 
C 0 -3.912716 -1.258350 -2.791530 
C 0 -2.760810 -2.705158 -0.498714 
C 0 -2.245915 -3.287883 0.631154 
C 0 -2.227432 -2.904520 -1.750487 
C 0 1.120163 3.654456 -1.889538 
C 0 -1.102160 -3.726214 -1.870421 
C 0 1.969237 -4.423518 -0.728729 
C 0 7.650693 1.403039 -2.081689 
C 0 3.710656 -0.197658 -2.861592 
C 0 4.789236 -1.071756 -2.719047 
C 0 2.494404 -4.228674 0.544064 
O 0 0.594693 3.753804 -3.149982 
C 0 -7.677338 -1.394625 -2.077824 
C 0 -2.855470 -3.071689 2.033386 
C 0 1.250135 4.198868 0.412084 
C 0 3.910920 1.178354 -2.795073 
C 0 0.678327 -5.205255 -0.875706 
C 0 -6.021420 0.487046 -2.445749 
C 0 2.635355 -3.898102 -1.823973 
C 0 -5.206150 -1.707987 -2.556398 
C 0 4.286725 -3.345470 2.143460 
C 0 -1.904146 4.397327 -0.758612 
C 0 4.297575 -3.000912 -0.367837 
C 0 3.663135 -3.519691 0.759915 
C 0 4.397745 -1.822325 2.442562 
C 0 -4.170913 2.883022 -0.375424 
C 0 2.778740 2.150409 -3.011269 
C 0 -2.395330 4.159547 0.515326 
C 0 5.187235 1.649270 -2.574406 
C 0 -0.634744 5.188534 -0.928432 
C 0 -3.685930 0.093778 -2.813988 
C 0 -6.275395 -0.870402 -2.364035 
C 0 -2.599449 3.879175 -1.834587 
C 0 2.377949 3.405495 0.599560 
C 0 3.057620 3.301384 1.954806 
C 0 2.271566 2.845978 -1.762759 
C 0 2.861094 2.754536 -0.524477 
O 0 -2.086224 4.151338 -3.090324 
C 0 -1.130574 -4.102119 0.477962 
C 0 3.816022 -3.162610 -1.663949 
C 0 0.613041 4.327790 -0.799233 
O 0 -2.460804 0.653887 -3.060160 
C 0 -0.553804 -4.343382 -0.749375 
C 0 6.286905 0.809043 -2.376545 
C 0 -3.548667 3.402410 0.755399 
C 0 -2.799439 -2.284424 -3.009466 
C 0 -4.501155 2.470224 -2.821144 
C 0 6.037221 -0.546164 -2.486315 
C 0 4.565372 -2.567410 -2.826941 
C 0 7.612232 2.332011 -0.951353 
O 0 -0.550603 -4.024199 -3.080356 
C 0 -3.220633 -4.427621 2.650598 
C 0 -4.734708 0.996001 -2.683422 
C 0 -3.730920 3.096352 -1.654654 
C 0 3.408983 -3.917972 3.247498 
C 0 5.625193 -4.026508 2.190329 
O 0 2.493723 -0.771891 -3.138463 
O 0 2.182232 -4.106621 -3.096827 
C 0 -4.119264 -2.238097 1.956560 
C 0 -1.815280 -2.472667 2.954115 
C 0 8.720840 0.408287 -2.006700 
C 0 8.061541 2.324489 -3.287618 
C 0 -5.302825 4.128255 2.317978 
C 0 -4.668793 1.852345 2.306476 
C 0 1.979597 2.642795 2.867008 
C 0 -3.135976 3.547708 3.227515 
C 0 4.288510 2.487066 1.919335 
C 0 3.415005 4.693923 2.443636 

C 0 -8.706323 -0.394223 -2.056141 
C 0 -7.557161 -2.326270 -0.773967 
C 0 -8.119509 -2.282133 -3.209606 
H 0 -3.625730 -2.058337 -0.426476 
H 0 1.955676 -4.666530 1.377286 
H 0 -0.328749 4.079499 -3.117243 C 0 -2.246738 -3.282205 0.641120 
C 0 -2.229541 -2.904216 -1.741454 
C 0 1.121649 3.652560 -1.897479 
C 0 -1.104743 -3.726870 -1.860235 
C 0 1.967050 -4.423347 -0.718838 
C 0 7.650883 1.397019 -2.088580 
C 0 3.709394 -0.203260 -2.862417 
C 0 4.787629 -1.077686 -2.718552 
C 0 2.493149 -4.225915 0.553251 
O 0 0.595453 3.749344 -3.157823 
C 0 -7.678902 -1.391963 -2.068852 
C 0 -2.855305 -3.062490 2.043259 
C 0 1.253364 4.202139 0.402902 
C 0 3.910470 1.172803 -2.799144 
C 0 0.675554 -5.204719 -0.863253 
C 0 -6.022130 0.487959 -2.442078 
C 0 2.632787 -3.900789 -1.815680 
C 0 -5.208121 -1.707813 -2.548252 
C 0 4.286984 -3.340104 2.149556 
C 0 -1.901597 4.399725 -0.766332 
C 0 4.296454 -3.001241 -0.362546 
C 0 3.662488 -3.517063 0.766789 
C 0 4.399052 -1.816345 2.445147 
C 0 -4.168934 2.887539 -0.378415 
C 0 2.778639 2.145053 -3.016852 
C 0 -2.392132 4.165114 0.508489 
C 0 5.187215 1.643511 -2.580335 
C 0 -0.631779 5.189881 -0.938750 
C 0 -3.687029 0.092558 -2.810874 
C 0 -6.276810 -0.869168 -2.357125 
C 0 -2.597902 3.879506 -1.840734 
C 0 2.380901 3.408520 0.591487 
C 0 3.061355 3.307104 1.946547 
C 0 2.272688 2.843709 -1.769583 
C 0 2.862951 2.754739 -0.531436 
O 0 -2.085303 4.148526 -3.097439 
C 0 -1.131954 -4.097417 0.489079 
C 0 3.813983 -3.165601 -1.658050 
C 0 0.615545 4.328683 -0.808392 
O 0 -2.461672 0.651447 -3.059090 
C 0 -0.556043 -4.341796 -0.738140 
C 0 6.286556 0.803107 -2.381251 
C 0 -3.545654 3.409187 0.750917 
C 0 -2.801987 -2.286643 -3.001494 
C 0 -4.500939 2.469370 -2.823080 
C 0 6.036132 -0.552238 -2.487772 
C 0 4.562971 -2.573445 -2.822888 
C 0 7.613646 2.328593 -0.960309 
O 0 -0.554087 -4.027915 -3.069872 
C 0 -3.220855 -4.416829 2.663768 
C 0 -4.735266 0.995713 -2.681690 
C 0 -3.729595 3.097745 -1.658477 
C 0 3.409556 -3.909642 3.255495 
C 0 5.625184 -4.021838 2.197139 
O 0 2.491901 -0.777465 -3.137243 
O 0 2.178727 -4.111943 -3.087872 
C 0 -4.118715 -2.228335 1.965329 
C 0 -1.814163 -2.461947 2.962019 

C 0 8.720590 0.401777 -2.011997 
C 0 8.061504 2.315512 -3.296864 
C 0 -5.298495 4.139544 2.312956 
C 0 -4.665723 1.863192 2.306216 
C 0 1.983467 2.651160 2.860963 
C 0 -3.131333 3.559825 3.222488 
C 0 4.291843 2.491959 1.912164 
C 0 3.419850 4.700634 2.432023 
C 0 -8.707312 -0.390929 -2.048799 
C 0 -7.558440 -2.320756 -0.762902 
C 0 -8.122295 -2.281814 -3.198386 
H 0 -3.627410 -2.055721 -0.419060 
H 0 1.959055 -4.663200 1.390530 
H 0 -0.314356 4.105426 -3.123456 C 0 -2.248811 -3.281040 0.639242 
C 0 -2.232009 -2.898841 -1.742663 
C 0 1.124882 3.655263 -1.888083 
C 0 -1.107969 -3.722267 -1.863247 
C 0 1.963560 -4.423461 -0.724029 
C 0 7.652077 1.394343 -2.085184 
C 0 3.708950 -0.201106 -2.860652 
C 0 4.786463 -1.076731 -2.718668 
C 0 2.490218 -4.228747 0.548247 
O 0 0.598387 3.754744 -3.148092 
C 0 -7.680141 -1.381233 -2.065708 
C 0 -2.856757 -3.063280 2.041955 
C 0 1.257781 4.200644 0.413229 
C 0 3.911254 1.174666 -2.795000 
C 0 0.671336 -5.203443 -0.869434 
C 0 -6.021835 0.497895 -2.436106 
C 0 2.629421 -3.899541 -1.820146 
C 0 -5.209784 -1.698398 -2.546425 
C 0 4.285317 -3.347342 2.145572 
C 0 -1.897364 4.403069 -0.754686 
C 0 4.294318 -3.004031 -0.365928 
C 0 3.660245 -3.521300 0.762684 
C 0 4.398811 -1.824209 2.443831 
C 0 -4.165906 2.892185 -0.368758 
C 0 2.780208 2.148292 -3.010635 
C 0 -2.387714 4.166626 0.519866 
C 0 5.188477 1.643866 -2.575747 
C 0 -0.626904 5.192416 -0.926091 
C 0 -3.687194 0.101102 -2.806319 
C 0 -6.277679 -0.859157 -2.353483 
C 0 -2.594450 3.885367 -1.829796 
C 0 2.384678 3.405704 0.600060 
C 0 3.065455 3.301287 1.954730 
C 0 2.275251 2.845178 -1.761974 
C 0 2.865813 2.753494 -0.524168 
O 0 -2.081998 4.156167 -3.086179 
C 0 -1.134788 -4.096958 0.485414 
C 0 3.811308 -3.165670 -1.661573 
C 0 0.619703 4.329895 -0.797643 
O 0 -2.461423 0.659357 -3.053918 
C 0 -0.559466 -4.339664 -0.742413 
C 0 6.287142 0.802147 -2.378490 
C 0 -3.541826 3.411282 0.761306 
C 0 -2.804297 -2.278532 -3.001431 
C 0 -4.499023 2.478645 -2.814059 
C 0 6.035496 -0.552787 -2.487339 
C 0 4.560460 -2.572104 -2.825589 
C 0 7.616002 2.323946 -0.955251 
O 0 -0.557946 -4.021648 -3.073585 
C 0 -3.223307 -4.418397 2.660172 

C 0 -4.734600 1.004945 -2.675212 
C 0 -3.726774 3.104276 -1.648580 
C 0 3.407727 -3.918072 3.250767 
C 0 5.622932 -4.030332 2.191535 
O 0 2.490872 -0.773755 -3.136123 
O 0 2.174788 -4.108039 -3.092571 
C 0 -4.119460 -2.227882 1.965892 
C 0 -1.814810 -2.465281 2.961460 
C 0 8.720935 0.398029 -2.010694 
C 0 8.063136 2.314618 -3.291963 
C 0 -5.293548 4.140402 2.325175 
C 0 -4.662776 1.863513 2.314203 
C 0 1.987272 2.644667 2.868311 
C 0 -3.126619 3.557171 3.233014 
C 0 4.295218 2.485127 1.918524 
C 0 3.425320 4.693639 2.442567 
C 0 -8.707667 -0.379336 -2.043565 
C 0 -7.560095 -2.312448 -0.761445 
C 0 -8.124659 -2.268690 -3.196683 
H 0 -3.629337 -2.052204 -0.417639 
H 0 1.957163 -4.668534 1.385366 
H 0 -0.316746 4.099727 -3.114723 H 0 -5.013426 5.197272 2.226974 
H 0 -6.069342 3.943106 1.576244 
H 0 -5.750908 4.013293 3.315390 
H 0 -5.484570 1.659154 1.622381 
H 0 -3.909891 1.078053 2.162018 
H 0 -5.067597 1.721054 3.325007 
H 0 1.083373 3.257450 2.923556 
H 0 1.706867 1.660695 2.477396 
H 0 2.362599 2.508345 3.892612 
H 0 -2.839547 4.613926 3.216410 
H 0 -3.565807 3.365435 4.219640 
H 0 -2.207099 2.961157 3.166268 
H 0 4.112659 1.451507 1.600758 
H 0 5.052380 2.907368 1.246904 
H 0 4.748131 2.431170 2.917074 
H 0 2.554489 5.352680 2.520111 
H 0 3.890311 4.652449 3.436922 
H 0 4.139381 5.171273 1.761080 
H 0 -8.587941 0.377633 -1.252504 
H 0 -8.765126 0.166974 -2.992419 
H 0 -9.694235 -0.827885 -1.876646 
H 0 -6.864224 -3.132355 -0.948321 
H 0 -7.201239 -1.735563 0.097920 
H 0 -8.538498 -2.739036 -0.509330 
H 0 -7.448878 -3.113835 -3.378260 
H 0 -9.114478 -2.696014 -2.993590 
H 0 -8.193591 -1.711555 -4.139126 
B3LYP/6-31G* SCF Energy = -3016.969882 

W4 
B3LYP/6-31G* geometry 
C 0 -4.115931 3.205709 2.156861 
C 0 -3.911966 -1.258159 -2.792062 
C 0 -2.759165 -2.706474 -0.500647 
C 0 -2.243913 -3.289976 0.628657 
C 0 -2.225640 -2.904266 -1.752608 
C 0 1.117741 3.656993 -1.885174 
C 0 -1.099839 -3.725118 -1.873329 
C 0 1.971989 -4.421567 -0.732273 
C 0 7.649719 1.409963 -2.079430 
C 0 3.710724 -0.192500 -2.860964 
C 0 4.789863 -1.066044 -2.719259 
C 0 2.497011 -4.227635 0.540720 
O 0 0.592227 3.757239 -3.145529 
C 0 -7.676510 -1.397553 -2.078548 
C 0 -2.853628 -3.075549 2.031091 
C 0 1.247329 4.199232 0.416982 
C 0 3.910102 1.183575 -2.793093 
C 0 0.681583 -5.203989 -0.880036 
C 0 -6.021796 0.485542 -2.444603 
C 0 2.637786 -3.894650 -1.826990 
C 0 -5.205115 -1.708858 -2.557390 
C 0 4.288740 -3.344848 2.141008 
C 0 -1.907061 4.396812 -0.753569 
C 0 4.299407 -2.997821 -0.369950 
C 0 3.665284 -3.518112 0.757284 
C 0 4.398777 -1.821926 2.441606 
C 0 -4.172861 2.880675 -0.371901 
C 0 2.777301 2.155113 -3.008354 
C 0 -2.398112 4.157467 0.520128 
C 0 5.186111 1.655093 -2.571943 
C 0 -0.638166 5.189000 -0.922592 
C 0 -3.686049 0.094136 -2.813190 
C 0 -6.274900 -0.872148 -2.364224 
C 0 -2.602015 3.879268 -1.830061 
C 0 2.375649 3.406400 0.603698 
C 0 3.055367 3.301398 1.958853 
C 0 2.269662 2.849131 -1.759171 
C 0 2.859229 2.756854 -0.520968 
O 0 -2.088946 4.152992 -3.085524 
C 0 -1.128046 -4.103343 0.474684 
C 0 3.817978 -3.158556 -1.666227 
C 0 0.610170 4.328932 -0.794218 
O 0 -2.461279 0.655273 -3.058793 
C 0 -0.551103 -4.343033 -0.752880 
C 0 6.286319 0.815380 -2.374891 

C 0 -3.550965 3.399354 0.759441 
C 0 -2.798026 -2.283304 -3.010987 
C 0 -4.502801 2.470063 -2.818029 
C 0 6.037505 -0.539879 -2.485993 
C 0 4.566962 -2.561736 -2.828623 
C 0 7.610645 2.337801 -0.948185 
O 0 -0.548072 -4.021563 -3.083546 
C 0 -3.217928 -4.432319 2.646967 
C 0 -4.735408 0.995556 -2.681756 
C 0 -3.732985 3.095543 -1.650913 
C 0 3.411350 -3.918996 3.244471 
C 0 5.627645 -4.025071 2.187230 
O 0 2.494164 -0.767243 -3.138418 
O 0 2.184816 -4.102212 -3.100056 
C 0 -4.117954 -2.242693 1.955062 
C 0 -1.813837 -2.476761 2.952423 
C 0 8.720505 0.415826 -2.005401 
C 0 8.059995 2.332859 -3.284448 
C 0 -5.305613 4.122540 2.322704 
C 0 -4.670118 1.847050 2.308980 
C 0 1.977754 2.641222 2.870392 
C 0 -3.138405 3.542493 3.231705 
C 0 4.286781 2.487905 1.922602 
C 0 3.411850 4.693685 2.449052 
C 0 -8.706139 -0.397834 -2.055901 
C 0 -7.555755 -2.330398 -0.775603 
C 0 -8.118094 -2.284234 -3.211207 
H 0 -3.625292 -2.061195 -0.427962 
H 0 1.958159 -4.666470 1.373359 
H 0 -0.330295 4.080874 -3.119532 
H 0 0.837754 4.753194 1.259417 H 0 -9.692336 -0.848390 -1.891010 
H 0 -6.854926 -3.145908 -0.962045 
H 0 -7.201704 -1.753274 0.085664 
H 0 W5 
B3LYP/6-31G* geometry 
C 0 -4.110908 3.221474 2.144300 
C 0 -3.914029 -1.255205 -2.793332 
C 0 -2.764172 -2.699812 -0.498030 
C 0 -2.250128 -3.281412 0.632883 
C 0 -2.230781 -2.901705 -1.749401 
C 0 1.124255 3.653280 -1.897944 
C 0 -1.106354 -3.724910 -1.867865 
C 0 1.964115 -4.423960 -0.724480 
C 0 7.652361 1.394168 -2.085380 
C 0 3.710594 -0.203309 -2.863582 
C 0 4.788218 -1.078453 -2.719473 
C 0 2.489290 -4.227750 0.548177 
O 0 0.599139 3.751276 -3.158646 
C 0 -7.679014 -1.386118 -2.080127 
C 0 -2.859709 -3.062367 2.034688 
C 0 1.254415 4.201118 0.402939 
C 0 3.912401 1.172592 -2.799144 
C 0 0.672294 -5.204493 -0.870511 
C 0 -6.020874 0.493134 -2.450643 
C 0 2.631040 -3.900984 -1.820403 
C 0 -5.208025 -1.703025 -2.557749 
C 0 4.282332 -3.344117 2.146584 
C 0 -1.899479 4.401331 -0.768711 
C 0 4.294036 -3.003437 -0.365264 
C 0 3.658859 -3.519718 0.763180 
C 0 4.395024 -1.820636 2.443370 
C 0 -4.167993 2.890161 -0.383734 
C 0 2.781297 2.145643 -3.017067 
C 0 -2.391189 4.166085 0.505539 
C 0 5.189235 1.642416 -2.578955 
C 0 -0.629077 5.190905 -0.939525 
C 0 -3.685698 0.096672 -2.817829 
C 0 -6.276393 -0.863911 -2.366882 
C 0 -2.595215 3.882302 -1.844056 
C 0 2.381345 3.406719 0.591865 
C 0 3.060639 3.303932 1.947403 
C 0 2.274734 2.843684 -1.769701 

C 0 2.863939 2.753480 -0.531140 
O 0 -2.081437 4.151937 -3.100149 
C 0 -1.135684 -4.097146 0.481155 
C 0 3.812523 -3.166583 -1.661278 
C 0 0.617642 4.328889 -0.808774 
O 0 -2.459823 0.655045 -3.064643 
C 0 -0.558915 -4.340961 -0.745772 
C 0 6.287936 0.801244 -2.379590 
C 0 -3.545337 3.410638 0.746482 
C 0 -2.801852 -2.282893 -3.009458 
C 0 -4.498249 2.473955 -2.828970 
C 0 6.036831 -0.553881 -2.487297 
C 0 4.562792 -2.574007 -2.825077 
C 0 7.614738 2.324945 -0.956462 
O 0 -0.554886 -4.025390 -3.077272 
C 0 -3.226533 -4.416948 2.653914 
C 0 -4.733530 1.000329 -2.688842 
C 0 -3.727496 3.101045 -1.663285 
C 0 3.403683 -3.913958 3.251394 
C 0 5.620105 -4.026645 2.194757 
O 0 2.493001 -0.776622 -3.139810 
O 0 2.177892 -4.110956 -3.093114 
C 0 -4.122583 -2.227439 1.956336 
C 0 -1.818975 -2.463083 2.954728 
C 0 8.721443 0.398262 -2.008650 
C 0 8.064486 2.313304 -3.292663 
C 0 -5.299030 4.140855 2.307627 
C 0 -4.667546 1.864150 2.299749 
C 0 1.981639 2.647938 2.860469 
C 0 -3.132937 3.559244 3.218499 
C 0 4.290693 2.488114 1.913429 
C 0 3.419532 4.696906 2.434182 
C 0 -8.706872 -0.384515 -2.060182 
C 0 -7.560141 -2.315927 -0.774754 
C 0 -8.121994 -2.274898 -3.210666 
H 0 -3.627657 -2.051325 -0.429971 
H 0 1.953272 -4.664603 1.384243 
H 0 0.839604 2.969239 -3.677377 
H 0 0.840549 4.757840 1.240299 W6 
B3LYP/6-31G* geometry 
C 0 -4.114567 3.211298 2.148435 
C 0 -3.912188 -1.254280 -2.799018 
C 0 -2.762696 -2.703268 -0.506296 
C 0 -2.248914 -3.287060 0.623607 
C 0 -2.228492 -2.902050 -1.757818 
C 0 1.122551 3.655328 -1.889952 
C 0 -1.103488 -3.724292 -1.877489 
C 0 1.966784 -4.423976 -0.733965 
C 0 7.652162 1.400687 -2.078803 
C 0 3.711814 -0.197502 -2.862709 
C 0 4.789911 -1.072298 -2.719954 
C 0 2.491137 -4.230266 0.539413 
O 0 0.598068 3.755799 -3.150723 
C 0 -7.677483 -1.389111 -2.088181 
C 0 -2.859402 -3.071507 2.025558 
C 0 1.251105 4.198135 0.412214 
C 0 3.912734 1.178378 -2.795120 
C 0 0.675528 -5.204984 -0.882447 
C 0 -6.020307 0.491987 -2.453609 
C 0 2.633996 -3.898166 -1.828359 
C 0 -5.206035 -1.703424 -2.565144 
C 0 4.282751 -3.349077 2.140767 
C 0 -1.902268 4.398993 -0.760728 
C 0 4.295618 -3.002799 -0.370310 
C 0 3.660149 -3.521992 0.756632 
C 0 4.394332 -1.826188 2.440997 
C 0 -4.170054 2.885565 -0.380359 
C 0 2.781146 2.151208 -3.011509 
C 0 -2.394532 4.160613 0.512725 

C 0 5.189155 1.648503 -2.573188 
C 0 -0.632263 5.189733 -0.929088 
C 0 -3.684684 0.097790 -2.820386 
C 0 -6.275028 -0.865399 -2.373002 
C 0 -2.597089 3.881923 -1.837607 
C 0 2.378425 3.404017 0.599996 
C 0 3.057036 3.298641 1.955677 
C 0 2.273463 2.846163 -1.762873 
C 0 2.862042 2.753574 -0.524190 
O 0 -2.082788 4.154666 -3.092815 
C 0 -1.133879 -4.101763 0.470681 
C 0 3.814916 -3.163370 -1.666953 
C 0 0.614920 4.328202 -0.799564 
O 0 -2.459021 0.657470 -3.065283 
C 0 -0.556282 -4.342492 -0.756463 
C 0 6.288268 0.807572 -2.375083 
C 0 -3.548343 3.403917 0.751353 
C 0 -2.799253 -2.280795 -3.016812 
C 0 -4.498706 2.474587 -2.826695 
C 0 6.038065 -0.547464 -2.485952 
C 0 4.565469 -2.567753 -2.829022 
C 0 7.613339 2.328931 -0.947843 
O 0 -0.551168 -4.021743 -3.087256 
C 0 -3.225724 -4.427687 2.641572 
C 0 -4.733148 1.000508 -2.689970 
C 0 -3.728984 3.099565 -1.659196 
C 0 3.403848 -3.921913 3.243824 
C 0 5.620920 -4.030878 2.188163 
O 0 2.494734 -0.770954 -3.140901 
O 0 2.181670 -4.105579 -3.101781 
C 0 -4.122750 -2.237190 1.948364 
C 0 -1.819547 -2.473623 2.947500 
C 0 8.721819 0.405276 -2.003696 
C 0 8.064380 2.322759 -3.283816 
C 0 -5.303348 4.129577 2.313148 
C 0 -4.670445 1.853287 2.300563 
C 0 1.977942 2.639952 2.866689 
C 0 -3.137395 3.547288 3.223921 
C 0 4.287616 2.483663 1.920570 
C 0 3.414796 4.690753 2.445746 
C 0 -8.705974 -0.388193 -2.066579 
C 0 -7.558750 -2.321744 -0.784811 
C 0 -8.119289 -2.275653 -3.220935 
H 0 -3.626466 -2.054855 -0.436853 
H 0 1.950556 -4.667461 1.371617 
H 0 0.838787 2.984435 -3.682702 
H 0 0.835787 4.751853 1.250435 W7 
B3LYP/6-31G* geometry 
C 0 -4.111816 3.214582 2.142748 
C 0 -3.913623 -1.253529 -2.802589 
C 0 -2.766969 -2.703021 -0.508766 
C 0 -2.254415 -3.287000 0.621597 
C 0 -2.232557 -2.903100 -1.759994 
C 0 1.127440 3.649650 -1.893841 
C 0 -1.108635 -3.726934 -1.878862 
C 0 1.960251 -4.430264 -0.733853 
C 0 7.654052 1.386052 -2.079172 
C 0 3.711847 -0.207138 -2.863912 
C 0 4.788657 -1.083324 -2.720334 
C 0 2.484382 -4.236689 0.539646 
O 0 0.603574 3.750258 -3.154856 
C 0 -7.679367 -1.382915 -2.093128 
C 0 -2.865146 -3.069979 2.023216 
C 0 1.255855 4.193333 0.408126 
C 0 3.914598 1.168497 -2.796815 
C 0 0.667997 -5.209585 -0.882452 
C 0 -6.019496 0.495760 -2.458782 
C 0 2.628563 -3.905816 -1.828219 
C 0 -5.208168 -1.700804 -2.569014 

C 0 4.276576 -3.357197 2.141279 
C 0 -1.896796 4.397941 -0.766112 
C 0 4.290898 -3.012131 -0.369955 
C 0 3.654267 -3.529894 0.756988 
C 0 4.390116 -1.834329 2.440862 
C 0 -4.166781 2.887771 -0.385919 
C 0 2.784414 2.142765 -3.014068 
C 0 -2.389868 4.160811 0.507262 
C 0 5.191569 1.636989 -2.574599 
C 0 -0.625653 5.186877 -0.934346 
C 0 -3.684269 0.098224 -2.824476 
C 0 -6.276093 -0.861239 -2.377652 
C 0 -2.591909 3.881323 -1.843019 
C 0 2.382022 3.397769 0.596701 
C 0 3.059972 3.292089 1.952690 
C 0 2.277201 2.838979 -1.765953 
C 0 2.865182 2.746156 -0.527004 
O 0 -2.076758 4.152793 -3.098154 
C 0 -1.140434 -4.103292 0.469471 
C 0 3.810482 -3.172617 -1.666693 
C 0 0.620308 4.323711 -0.803953 
O 0 -2.457755 0.656126 -3.069174 
C 0 -0.562700 -4.345372 -0.757349 
C 0 6.289465 0.794655 -2.375699 
C 0 -3.544799 3.405793 0.745795 
C 0 -2.802002 -2.281654 -3.019490 
C 0 -4.495058 2.476121 -2.832194 
C 0 6.037459 -0.560097 -2.485996 
C 0 4.562258 -2.578526 -2.828729 
C 0 7.616059 2.314863 -0.948649 
O 0 -0.556255 -4.025683 -3.088283 
C 0 -3.233546 -4.425378 2.639710 
C 0 -4.731556 1.002425 -2.694883 
C 0 -3.724934 3.100587 -1.664684 
C 0 3.396477 -3.928339 3.244264 
C 0 5.613803 -4.040800 2.189495 
O 0 2.494079 -0.779066 -3.142235 
O 0 2.176473 -4.113244 -3.101725 
C 0 -4.127330 -2.233981 1.945161 
C 0 -1.824829 -2.473087 2.945283 
C 0 8.722326 0.389222 -2.003201 
C 0 8.067982 2.307009 -3.284445 
C 0 -5.299411 4.134551 2.306588 
C 0 -4.669598 1.857398 2.295283 
C 0 1.979635 2.635284 2.863589 
C 0 -3.134599 3.549735 3.218453 
C 0 4.289456 2.475425 1.918423 
C 0 3.419437 4.683938 2.442260 
C 0 -8.706505 -0.380589 -2.072377 
C 0 -7.562398 -2.315113 -0.789289 
C 0 -8.121946 -2.269372 -3.225648 
H 0 -3.630422 -2.054012 -0.439590 
H 0 1.943386 -4.673080 1.372011 
H 0 1.289507 3.642265 -3.827453 
H 0 0.840779 4.748587 1.245353 
H 0 0.656925 -5.771029 -1.822323 
H 0 0.639833 -5.965092 -0.089032 
H 0 -6.823204 1.217474 -2.353775 
H 0 -5.356776 -2.778510 -2.551204 
H 0 5.211116 -2.445356 -0.245027 
H 0 3.400590 -1.365549 2.415048 
H 0 4.821068 -1.669409 3.436245 
H 0 5.026132 -1.316590 1.714460 
H 0 -5.055348 2.272635 -0.272105 
H 0 1.948089 1.647102 -3.525727 
H 0 3.145431 2.898528 -3.734996 
H 0 -1.845225 4.586804 1.344909 
H 0 5.326312 2.714952 -2.537363 
H 0 -0.583421 5.965092 -0.164246 
H 0 -0.629452 5.693751 -1.904164 
H 0 3.745336 2.121070 -0.438527 
H 0 -1.134307 3.917563 -3.149149 
H 0 -0.709071 -4.592419 1.340507 
H 0 -1.789598 -0.044387 -3.038493 
H 0 -3.200232 -3.082214 -3.657999 
H 0 -1.981231 -1.866519 -3.622114 
H 0 -5.464275 2.981977 -2.929050 W8 
B3LYP/6-31G* geometry 
C 0 -4.103927 3.225630 2.148861 
C 0 -3.916818 -1.245899 -2.793814 
C 0 -2.770108 -2.695596 -0.500147 
C 0 -2.257331 -3.279589 0.630107 
C 0 -2.237162 -2.897240 -1.751748 
C 0 1.132157 3.650577 -1.892918 
C 0 -1.114532 -3.722761 -1.871145 
C 0 1.954408 -4.429792 -0.728563 
C 0 7.655322 1.377451 -2.082931 
C 0 3.710080 -0.210551 -2.862914 
C 0 4.785792 -1.088204 -2.719797 
C 0 2.480013 -4.236162 0.544313 
O 0 0.607253 3.751139 -3.153505 

C 0 -7.682079 -1.369407 -2.080739 
C 0 -2.866430 -3.060796 2.032160 
C 0 1.263518 4.195536 0.408581 
C 0 3.914886 1.164834 -2.796926 
C 0 0.660888 -5.207342 -0.875467 
C 0 -6.019845 0.506640 -2.449144 
C 0 2.622469 -3.907037 -1.823898 
C 0 -5.211787 -1.691162 -2.558730 
C 0 4.274980 -3.358243 2.143705 
C 0 -1.889936 4.403946 -0.762828 
C 0 4.287420 -3.014758 -0.367757 
C 0 3.651123 -3.530924 0.760108 
C 0 4.390994 -1.835347 2.442209 
C 0 -4.161738 2.897292 -0.379544 
C 0 2.785906 2.140593 -3.013747 
C 0 -2.382154 4.168336 0.511158 
C 0 5.192741 1.631625 -2.576214 
C 0 -0.617816 5.190941 -0.932758 
C 0 -3.685541 0.105504 -2.816789 
C 0 -6.278322 -0.849936 -2.366911 
C 0 -2.586804 3.887647 -1.838754 
C 0 2.388713 3.398469 0.596606 
C 0 3.067784 3.292674 1.952024 
C 0 2.280869 2.838331 -1.765593 
C 0 2.869878 2.745446 -0.527137 
O 0 -2.


1.844044 2.616425 1.306144 C 0 2.027568 2.811531 -1.132871 C 0 -0.736194 -3.369544 -1.186691 C 0 0.736190 3.369433 -1.186811 C 0 -2.605568 3.726422 0.063795 C 0 -7.902231 -2.372260 -2.394712 C 0 -3.987790 -0.470623 -2.024894 -1.856092 -2.254454 C 0 -1.022467 -3.743369 -1.302762 C 0 -2.263952 -3.227601 -1.737442 C 0 -4.825525 -3.220831 -1.666908 C 0 -6.439723 -0.686662 0.734194 C 0 0.779433 3.325893 -1.204114 C 0 2.211200 3.189671 0.764603 C 0 -6.212699 0.497232 0.026864 C 0 -5.306469 -1.901376 -1.074388 C 0 -1.769179 3.111162 -1.-6.236773 -1.349371 3.157584 Pinched Cone B3LYP/6-31G* geometry O 0 -1.386927 1.552915 -1.449578 O 0 -2.647147 -0.158921 -3.075944 O 0 -1.271222 -2.004314 -1.752705 O 0 1.339879 -1.570533 -1.440338 O 0 2.598941 0.135136 -3.071235 O 0 1.220892 2.001487 -1.777900 C 0 -3.931364 2.329019 -2.742570745674 -6.533775 -1.903256 
C 0 -2.817775 6.735794 -0.012303 
C 0 3.743576 6.941148 0.320638 
C 0 3.235614 6.470841 2.680968 
C 0 8.008818 -1.266221 -0.347094 
C 0 7.552897 0.921666 0.423548 
C 0 -4.042236 -5.627687 -2.344519 
C 0 5.290286 5.439295 1.700699 
C 0 5.466093 -6.340084 1.286878 
C 0 -2.100817 -4.335678 -2.903903 
C 0 8.239433 0.552110 -1.921692 
Winged Cone 
B3LYP/6-31G* geometry 
C 0 5.564277 -3.398375 2.556204 
C 0 4.080680 1.868531 -2.366232 
C 0 2.555145 2.445940 0.110499 
C 0 301102 
C 0 -5.125216 0.340041 -2.283025 
C 0 -3.402679 3.839795 1.208876 
O 0 -0.260433 -3.723009 -2.416687 
C 0 7.902230 2.372105 -2.394767 
C 0 2.421110 2.228158 2.680531 
C 0 -0.579231 -3.212119 1.212393 
C 0 -4.080682 -1.868686 -2.366176 
C 0 -1.264879 4.442920 -0.015338 
C 0 6.378277 0.286214 -2.318949 
C 0 -3.115381 3.009698 -1.024416 
C 0 5.353482 2.441694 -2.384144 
C 0 -5.564294 3.398415 2.556062 
C 0 2.605561 -3.726484 0.063939 
C 0 -5.160181 2.599718 0.168277 
C 0 -4.679378 3.270343 1.301359 
C 0 -5.952613 1.990385 3.065390 
C 0 5.160173 -2.599775 0.168386 
C 0 -2.831525 -2.719076 -2.428573 
C 0 3.402667 -3.839810 1.209028 
C 0 -5.353483 -2.441849 -2.384075 
C 0 1.264873 -4.442986 -0.015172 
C 0 3.987790 0.470470 -2.301112 
C 0 6.528842 1.676261 -2.363456 
C 0 3.115378 -3.009803 -1.024300 
C 0 -1.844055 -2.616447 1.306234 
C 0 -2.421128 -2.228134 2.680605 
C 0 -2.027571 -2.811642 -1.132774 
C 0 -2.555153 -2.446006 0.110580 
O 0 2.329591 -2.881952 -2.159342 
C 0 0.579221 3.212097 1.212277 
C 0 -4.411580 2.474040 -1.004705 
C 0 -0.016177 -3.615458 -0.002364 
O 0 2.741431 -0.144446 -2.292240 
C 0 0.016169 3.615391 -0.002495 
C 0 -6.528842 -1.676416 -2.363418 
C 0 4.679366 -3.270353 1.301493 
C 0 2.831524 2.718917 -2.428664 
C 0 5.476949 
C 0 2.615711 2.551972 2.089216 
C 0 3.027495 0.037689 1.968069 
C 0 3.886459 -1.072929 1.893179 
C 0 -0.377087 2.773675 -2.006662 
C 0 1.827827 -2.989051 -0.025000 
C 0 -4.341842 3.720779 -0.567143 
C 0 4.920613 1.522725 1.870192 
C 0 5.258712 -0.835750 1.784357 
C 0 -1.987375 4.134941 -0.555558 
C 0 1.561986 -3.515588 -1.295666 
C 0 -5.553100 0.526103 -1.209038 
C 0 -5.376015 1.853827 -1.940971 
C 0 -4.178049 2.673588 -1.482328 
C 0 -5.980112 -1.875112 0.146285 
C 0 4.065997 -3.839331 -0.106454 
C 0 2.571601 4.971101 -0.896186 
C 0 -3.462478 -3.701977 -1.179434 
C 0 3.371557 -2.508704 1.943267 
C 0 -3.391033 -4.671206 -0.168554 
C 0 -2.885916 2.395581 -1.933198 
C 0 1.495489 4.442836 -1.627807 

S19 

C 0 -1.009646 -4.714712 -0.299649 
C 0 0.244093 -3.248341 -1.994162 
C 0 5.813184 0.451465 1.764562 
C 0 2.897017 4.319784 0.297221 
C 0 2.581983 -4.229582 -1.936619 
C 0 3.847511 -4.412170 -1.368063 
C 0 -3.265275 4.470984 -0.084396 
C 0 -3.429641 5.623907 0.923099 
C 0 -2.184846 -5.195903 0.301555 
C 0 7.337345 0.634493 1.642349 
C 0 4.974620 -5.195738 -2.066274 
C 0 -7.169031 -0.729260 2.089715 
C 0 3.323794 6.210252 -1.415193 
C 0 -2.102720 -6.256933 1.414007 
C 0 -2.906969 6.937127 0.293251 
C 0 -1.391367 -7.521834 0.877329 
C 0 5.401197 -6.389698 -1.179680 
C 0 4.539467 -5.750494 -3.436061 
C 0 7.751637 2.118009 1.666572 
C 0 7.822952 0.022068 0.307044 
C 0 -4.899413 5.840567 1.330443 
C 0 6.190521 -4.265259 -2.289362 
C 0 4.461312 6.643253 -0.471096 
C 0 -2.617028 5.311814 2.202112 
C 0 8.044675 -0.079389 2.818707 
C 0 -3.493595 -6.673697 1.928039 
C 0 2.340461 7.396845 -1.553057 
C 0 -1.299397 -5.687760 2.607952 
C 0 -8.446832 -1.592662 1.963666 
C 0 3.941831 5.898087 -2.798886 
C 0 -7.584303 0.672672 2.574918 
C 0