ID Name Origin Class Year of registratio n Group FL (days) NI PW (g) Parental line of PP Most related to PP parent

 154 269 35 770 733 36 303 800 35 495 001 29 863 328 31 092 718 29 650 697 28 424 033 22 791 537 23 065 658 29 015 845  27377100  27 410 737  Number  5183  3719  2953  3553  2576  3116  3199  3937  1947  4378  6128  2997  43 686  density  120  86  68  82  60  72  74  91  45  101  142  69  1012  Minimum  1  1  1  1  1  1  3  1  2  1 
Supplementary Table 3 :
3Variability of marker density and frequency of minor allele along the 12 chromosomes of rice, within the reference and the progeny populations

Table 2 :
2Listof the 97 F5-F7 lines of the progeny population and 
their phenotype for days to flowering (FL), nitrogen balance index (NI) and 100 
panicles weight (PW). 




SupplementaryTable 4: Variability of decay of pairwise linkage disequilibrium with distance between markers among the 12 chromosomes within the Reference and the Progeny population1 
0.614 
0.446 
0.422 
0.395 
0.376 
0.372 
0.356 
0.334 
0.318 
0.320 
0.315 
0.295 
0.285 
0.270 
0.252 
0.243 
0.235 
0.222 
0.208 
0.199 
0.194 
0.168 
0.144 
0.117 
0.095 
0.086 
0.074 
0.066 
0.049564 
2 
0.613 
0.444 
0.391 
0.373 
0.357 
0.331 
0.328 
0.329 
0.312 
0.282 
0.280 
0.252 
0.225 
0.205 
0.278 
0.173 
0.172 
0.150 
0.146 
0.143 
0.154 
0.141 
0.112 
0.093 
0.069 
0.060 
0.053 
0.050 
0.027973 
3 
0.693 
0.505 
0.493 
0.459 
0.432 
0.443 
0.402 
0.391 
0.394 
0.374 
0.349 
0.345 
0.304 
0.304 
0.416 
0.294 
0.266 
0.241 
0.199 
0.176 
0.154 
0.120 
0.102 
0.085 
0.068 
0.074 
0.069 
0.066 
0.045006 
4 
0.613 
0.402 
0.372 
0.366 
0.316 
0.335 
0.312 
0.299 
0.292 
0.289 
0.291 
0.282 
0.279 
0.246 
0.251 
0.211 
0.216 
0.207 
0.174 
0.167 
0.160 
0.133 
0.124 
0.116 
0.102 
0.106 
0.085 
0.070 
0.044266 
5 
0.763 
0.631 
0.600 
0.580 
0.559 
0.542 
0.537 
0.517 
0.499 
0.474 
0.464 
0.449 
0.426 
0.420 
0.347 
0.420 
0.396 
0.365 
0.302 
0.275 
0.223 
0.148 
0.119 
0.101 
0.100 
0.118 
0.105 
0.089 
0.071887 
6 
0.646 
0.448 
0.409 
0.374 
0.340 
0.327 
0.324 
0.302 
0.287 
0.274 
0.257 
0.237 
0.212 
0.190 
0.191 
0.179 
0.166 
0.171 
0.138 
0.134 
0.149 
0.118 
0.090 
0.077 
0.058 
0.056 
0.045 
0.046 
0.029196 
7 
0.685 
0.504 
0.479 
0.446 
0.444 
0.420 
0.416 
0.422 
0.403 
0.426 
0.417 
0.399 
0.394 
0.392 
0.394 
0.364 
0.336 
0.306 
0.287 
0.269 
0.224 
0.178 
0.146 
0.120 
0.099 
0.087 
0.077 
0.065 
0.031771 
8 
0.607 
0.400 
0.361 
0.347 
0.326 
0.314 
0.291 
0.270 
0.266 
0.257 
0.258 
0.238 
0.221 
0.213 
0.208 
0.206 
0.196 
0.178 
0.178 
0.175 
0.174 
0.155 
0.135 
0.125 
0.113 
0.106 
0.088 
0.076 
0.032494 
9 
0.675 
0.449 
0.423 
0.393 
0.399 
0.365 
0.343 
0.345 
0.333 
0.335 
0.307 
0.277 
0.292 
0.264 
0.246 
0.231 
0.221 
0.201 
0.179 
0.169 
0.165 
0.165 
0.141 
0.115 
0.115 
0.100 
0.076 
0.070 
0.041614 
10 
0.526 
0.367 
0.351 
0.334 
0.316 
0.329 
0.304 
0.292 
0.266 
0.275 
0.264 
0.260 
0.258 
0.250 
0.228 
0.222 
0.210 
0.201 
0.185 
0.177 
0.171 
0.149 
0.133 
0.122 
0.118 
0.104 
0.089 
0.088 
0.040883 
11 
0.482 
0.296 
0.256 
0.243 
0.235 
0.233 
0.224 
0.215 
0.209 
0.198 
0.199 
0.184 
0.171 
0.174 
0.161 
0.159 
0.151 
0.138 
0.127 
0.116 
0.114 
0.098 
0.091 
0.082 
0.079 
0.081 
0.077 
0.073 
0.027947 
12 
0.621 
0.457 
0.414 
0.396 
0.386 
0.381 
0.389 
0.382 
0.365 
0.343 
0.339 
0.307 
0.317 
0.319 
0.289 
0.281 
0.282 
0.264 
0.244 
0.234 
0.194 
0.159 
0.137 
0.128 
0.105 
0.096 
0.100 
0.091 
0.047847 
Mean 
0.628 
0.446 
0.414 
0.392 
0.374 
0.366 
0.352 
0.342 
0.329 
0.320 
0.312 
0.294 
0.282 
0.271 
0.272 
0.249 
0.237 
0.220 
0.197 
0.186 
0.173 
0.144 
0.123 
0.107 
0.093 
0.089 
0.078 
0.071 
0.041 
Stdev 
0.075 
0.082 
0.085 
0.081 
0.081 
0.077 
0.079 
0.079 
0.077 
0.076 
0.073 
0.074 
0.074 
0.077 
0.079 
0.079 
0.072 
0.066 
0.056 
0.050 
0.032 
0.023 
0.020 
0.018 
0.020 
0.019 
0.017 
0.014 
0.013 
1 
0.649 
0.498 
0.478 
0.453 
0.435 
0.427 
0.411 
0.384 
0.373 
0.370 
0.369 
0.349 
0.336 
0.320 
0.303 
0.286 
0.271 
0.250 
0.241 
0.229 
0.214 
0.175 
0.149 
0.124 
0.105 
0.088 
0.081 
0.071 
0.062787 
2 
0.671 
0.520 
0.468 
0.458 
0.435 
0.410 
0.403 
0.388 
0.361 
0.346 
0.352 
0.344 
0.297 
0.278 
0.273 
0.244 
0.245 
0.243 
0.240 
0.218 
0.183 
0.136 
0.123 
0.105 
0.088 
0.067 
0.060 
0.058 
0.033476 
3 
0.722 
0.549 
0.545 
0.514 
0.487 
0.494 
0.469 
0.462 
0.455 
0.443 
0.416 
0.402 
0.373 
0.366 
0.357 
0.357 
0.333 
0.313 
0.284 
0.260 
0.213 
0.170 
0.152 
0.116 
0.106 
0.107 
0.092 
0.077 
0.029455 
4 
0.655 
0.449 
0.421 
0.406 
0.360 
0.366 
0.347 
0.332 
0.329 
0.330 
0.329 
0.322 
0.315 
0.282 
0.267 
0.252 
0.261 
0.252 
0.222 
0.200 
0.187 
0.161 
0.157 
0.148 
0.126 
0.118 
0.086 
0.060 
0.036513 
5 
0.771 
0.629 
0.590 
0.572 
0.551 
0.536 
0.520 
0.503 
0.490 
0.467 
0.472 
0.458 
0.433 
0.416 
0.424 
0.408 
0.372 
0.344 
0.298 
0.272 
0.201 
0.127 
0.112 
0.109 
0.106 
0.106 
0.084 
0.064 
0.03203 
6 
0.679 
0.495 
0.458 
0.423 
0.397 
0.385 
0.392 
0.358 
0.342 
0.350 
0.326 
0.301 
0.278 
0.264 
0.248 
0.238 
0.214 
0.203 
0.179 
0.165 
0.149 
0.121 
0.099 
0.085 
0.063 
0.053 
0.051 
0.054 
0.036898 
7 
0.723 
0.554 
0.524 
0.487 
0.496 
0.470 
0.460 
0.466 
0.453 
0.466 
0.447 
0.446 
0.435 
0.429 
0.450 
0.391 
0.342 
0.312 
0.311 
0.317 
0.243 
0.205 
0.167 
0.133 
0.104 
0.097 
0.085 
0.069 
0.040035 
8 
0.650 
0.448 
0.418 
0.399 
0.379 
0.364 
0.350 
0.321 
0.323 
0.314 
0.309 
0.282 
0.262 
0.251 
0.239 
0.244 
0.234 
0.215 
0.212 
0.220 
0.194 
0.181 
0.166 
0.151 
0.138 
0.130 
0.107 
0.094 
0.044142 
9 
0.697 
0.498 
0.467 
0.428 
0.432 
0.413 
0.400 
0.378 
0.357 
0.358 
0.356 
0.329 
0.331 
0.298 
0.274 
0.260 
0.260 
0.244 
0.227 
0.212 
0.208 
0.211 
0.172 
0.147 
0.146 
0.139 
0.101 
0.093 
0.040212 
10 
0.570 
0.416 
0.395 
0.382 
0.363 
0.377 
0.347 
0.334 
0.308 
0.314 
0.299 
0.298 
0.300 
0.291 
0.273 
0.260 
0.249 
0.232 
0.222 
0.214 
0.194 
0.176 
0.173 
0.159 
0.151 
0.136 
0.122 
0.121 
0.051289 
11 
0.513 
0.323 
0.277 
0.265 
0.254 
0.244 
0.238 
0.232 
0.226 
0.214 
0.217 
0.201 
0.188 
0.183 
0.173 
0.169 
0.158 
0.145 
0.142 
0.140 
0.116 
0.100 
0.095 
0.087 
0.085 
0.087 
0.084 
0.079 
0.041198 
12 
0.643 
0.486 
0.454 
0.431 
0.422 
0.408 
0.408 
0.404 
0.394 
0.371 
0.358 
0.335 
0.348 
0.347 
0.319 
0.311 
0.314 
0.289 
0.265 
0.256 
0.228 
0.193 
0.162 
0.163 
0.156 
0.136 
0.135 
0.122 
0.059044 
Mean 
0.662 
0.489 
0.458 
0.435 
0.417 
0.408 
0.395 
0.380 
0.368 
0.362 
0.354 
0.339 
0.325 
0.310 
0.300 
0.285 
0.271 
0.254 
0.237 
0.225 
0.194 
0.163 
0.144 
0.127 
0.114 
0.105 
0.091 
0.080 
0.042 
Stdev 
0.069 
0.077 
0.080 
0.075 
0.077 
0.074 
0.072 
0.074 
0.073 
0.072 
0.069 
0.071 
0.070 
0.070 
0.078 
0.070 
0.060 
0.055 
0.048 
0.047 
0.034 
0.035 
0.029 
0.027 
0.029 
0.028 
0.024 
0.023 
0.010 

Progeny population 

Reference population 

Supplementary 

Table 5 :
5Average accuracy of cross validation for days to flowering (FL), nitrogen balance indexThe confidance interval fro each average accuracy is +/-0.01 -a and 1-b, represent incidence matrixes without selection on r², but filtered with MAF > 5 % and MAF > 2.5%, .13 ± 0.01 0.21 ± 0.01 0.24 ± 0.01 0.23 ± 0.01 0.20 ± 0.01 0.24 ± 0.01 0.28 ± 0.01 0.27 ± 0.01 days to flowering (FL), nitrogen balance index (NI) and 100 HS, under six scenarios of relatedness between theLD (r²) 
MAF (%) 
BayesB 
GBLUP 
RKHS 
BayesB 
GBLUP 
RKHS 

0.25 

5 
0.64 
0.64 
0.64 
0.43 
0.43 
0.43 

0.25 

10 
0.62 
0.61 
0.61 
0.43 
0.43 
0.44 

0.25 

20 
0.57 
0.57 
0.58 
0.42 
0.43 
0.43 

0.36 

5 
0.63 
0.63 
0.63 
0.47 
0.46 
0.47 

0.36 

10 
0.63 
0.63 
0.63 
0.46 
0.46 
0.47 

0.36 

20 
0.61 
0.61 
0.62 
0.44 
0.44 
0.44 

0.49 

5 
0.65 
0.62 
0.65 
0.53 
0.52 
0.53 

0.49 

10 
0.63 
0.63 
0.63 
0.51 
0.48 
0.52 

0.49 

20 
0.61 
0.61 
0.62 
0.51 
0.51 
0.51 

0.64 

5 
0.64 
0.61 
0.64 
0.57 
0.54 
0.57 

0.64 

10 
0.64 
0.62 
0.64 
0.55 
0.52 
0.55 

0.64 

20 
0.63 
0.63 
0.64 
0.55 
0.54 
0.55 

0.81 

5 
0.65 
0.61 
0.65 
0.56 
0.53 
0.55 

0.81 

10 
0.65 
0.60 
0.65 
0.54 
0.51 
0.54 

0.81 

20 
0.64 
0.64 
0.65 
0.54 
0.51 
0.54 

0.98 

5 
0.65 
0.61 
0.65 
0.55 
0.51 
0.55 

0.98 

10 
0.64 
0.59 
0.65 
0.54 
0.49 
0.54 

0.98 

20 
0.63 
0.60 
0.64 
0.54 
0.48 
0.54 

1 

5 
0.65 
0.59 
0.65 
0.54 
0.50 
0.54 

1 

10 
0.63 
0.58 
0.64 
0.53 
0.48 
0.53 

1 

20 
0.63 
0.59 
0.64 
0.53 
0.46 
0.53 

FL 
NI 


MAF > 5 % and MAF > 2.5%, respectively. MAF > 5 % and MAF > 2.5%, respectively